structure(list(UserID = c("0", "42", "8989", "8989", "17"),
               TotalDisclosedWealth = c("0", "1e+05", "1e+06", "1e+05",
                                        "1e+05"), TotalDisclosedIncome = c("0", "1e+05", "40000",
                                                                           "40000", "80000"), SignUpStatus = c("0", "user", "pending",
                                                                                                               "pending", "pending"), CurrentAge = c("0", "42", "42", "42",
                                                                                                                                                     "42"), BirthDate = c("0", "", "", "", ""), RetirementAge = c("0",
                                                                                                                                                                                                                  "65", "65", "65", "65"), LifeExpectancy = c("0", "72", "73.940975609756",
                                                                                                                                                                                                                                                              "73.940975609756", "73.940975609756"), ProfileType = c("0",
                                                                                                                                                                                                                                                                                                                     "basic", "basic", "basic", "basic"), InvestType = c("0",
                                                                                                                                                                                                                                                                                                                                                                         "cautious", "cautious", "cautious", "cautious"), ClientType = c("0",
                                                                                                                                                                                                                                                                                                                                                                                                                                         "adventurer", "adventurer", "adventurer", "adventurer"),
               ExhibitLossAversion = c("0", "FALSE", "FALSE", "FALSE", "FALSE"
               ), ExhibitBiasedExpectations = c("0", "FALSE", "FALSE", "FALSE",
                                                "FALSE"), ExhibitMentalAccounting = c("0", "FALSE", "FALSE",
                                                                                      "FALSE", "FALSE"), CurrentStageInLife = c("0", "foundation",
                                                                                                                                "foundation", "foundation", "foundation"), SourceOfWealth = c("0",
                                                                                                                                                                                              "income", "income", "income", "income"), DomicileCountry = c("0",
                                                                                                                                                                                                                                                           "CHE", "CHE", "CHE", "CHE"), AccountType = c("0", "free",
                                                                                                                                                                                                                                                                                                        "free", "free", "free"), EMail = c("0", "ProbStub@users.noreply.github.com",
                                                                                                                                                                                                                                                                                                                                           "NA", "NA", "NA"), MobileNr = c("0", "0012345678901", "NA",
                                                                                                                                                                                                                                                                                                                                                                           "NA", "NA"), ActiveTwoFactorAuth = c("0", "FALSE", "FALSE",
                                                                                                                                                                                                                                                                                                                                                                                                                "FALSE", "FALSE"), ActiveAutoTrade = c("0", "FALSE", "FALSE",
                                                                                                                                                                                                                                                                                                                                                                                                                                                       "FALSE", "FALSE"), ApplicableBroker = c("0", "InteractiveBroker",
                                                                                                                                                                                                                                                                                                                                                                                                                                                                                               "NA", "NA", "NA")),