structure(c(NA, NA, NA, NA, NA, NA, NA, NA, NA, NA, NA, NA, NA, 
NA, NA, NA, NA, NA, NA, NA, NA, NA, NA, NA, NA, NA, NA, NA, NA, 
NA, NA, NA, NA, NA, NA, NA, NA, NA, NA, NA, NA, NA, NA, NA, NA, 
NA, NA, NA, NA, NA, NA, NA, 25.5117, 23.1503, 17.442, 15.7142, 
8.20862, 5.18325, 5.85693, 6.56222, NA, NA, 3.13, 3.12, 3.14, 
3.53, 4.34, 4.48, 4.46, 4.52, 5.03, 5.02, 4.97, 4.91, 4.99, 5.27, 
4.92, 4.58, 4.72, 5.21, 5.25, 5.25, 5.21, 5.71417, 6.64667, 6.71333, 
5.83167, 6.93333, 9.03667, 9.74167, 10.0308, 10.2267, 9.38917, 
9.74917, 11.6475, 13.9583, 15.375, 13.8875, 13.525, 13.9542, 
13.4167, 13.1917, 12.1042, 13.4083, 13.18, 10.6908, 9.22, 7.28083, 
9.04167, 9.16833, 8.1675, 6.89333, 5.49833, 6.08, 6.26, 5.63417, 
5.82167, 5.35875, 5.60958, 5.32042, 5.61667, 6.02417, 5.72833, 
5.09383, NA, NA, NA, NA, NA, NA, NA, NA, NA, NA, NA, NA, NA, 
NA, NA, NA, NA, 6.52, 6.93, 7.24, 7.74, 7.52, 7.82, 7.71, 7.37, 
8.25, 9.74, 9.61, 8.75, 8.74, 8.21, 7.96, 9.24, 10.6067, 9.91833, 
8.17417, 8.01583, 7.77, 7.43833, 7.0075, 6.86, 7.15333, 8.765, 
8.55917, 8.175, 6.705, 7.025, 7.13417, 6.3225, 5.6825, 4.7125, 
4.67917, 5.55667, 5.07417, 4.96667, 4.15333, 4.15083, 3.38667, 
3.79667, 4.295, 4.25917, 3.71417, 5.39235, 5.23341, 5.01772, 
5.23341, 5.78968, 5.59669, 5.32423, 5.23341, 5.31288, 6.80003, 
6.28918, 5.6648, 6.22107, 6.69786, 5.94861, 5.65345, 6.33459, 
6.36424, 6.54212, 6.62118, 6.46306, 7.11529, 7.71812, 7.26353, 
6.95718, 7.35247, 8.57376, 8.44118, 8.94024, 8.69729, 8.35141, 
9.39729, 11.9, 13.4367, 13.4283, 11.9408, 12.2425, 10.9683, 8.62583, 
8.18417, 8.0075, 8.53917, 10.0067, 9.28583, 8.65333, 7.22833, 
7.75083, 7.48083, 6.4925, 5.75333, 4.75167, 4.74917, 5.5925, 
5.13083, 4.98667, 4.18083, 4.1525, 3.42833, 3.815, 4.32833, 4.4175, 
3.90167, NA, NA, NA, NA, NA, NA, NA, NA, NA, NA, NA, NA, NA, 
NA, NA, NA, NA, NA, NA, NA, NA, NA, NA, NA, NA, NA, NA, NA, NA, 
NA, NA, NA, NA, NA, NA, NA, NA, NA, NA, NA, NA, NA, NA, NA, NA, 
NA, 56.8644, 49.7636, NA, NA, 10.1042, 10.0492, 7.37583, 6.7025, 
6.74583, 6.44667, 5.36, 3.87417, 4.18333, 4.53917, 5.37667, 7.215, 
NA, NA, NA, NA, NA, NA, NA, NA, NA, NA, NA, NA, NA, NA, NA, NA, 
NA, NA, NA, NA, NA, NA, NA, NA, NA, NA, NA, NA, NA, NA, NA, NA, 
NA, NA, NA, NA, NA, NA, NA, NA, NA, NA, NA, NA, NA, NA, NA, NA, 
NA, NA, NA, NA, NA, NA, NA, 10.4643, 10.0667, 9.49, 11.5964, 
10.7344, 10.1892, 8.62896, 2.92667, 2.87333, 2.8575, 3.2325, 
3.56333, 3.705, 3.17583, 3.13667, 3.625, 4.11083, 4.14917, 5.075, 
5.185, 5.04583, 5.11333, 5.09, 5.18417, 5.20833, 5.69, 5.93667, 
6.74833, 7.58417, 7.9125, 6.9475, 7.23167, 7.56083, 8.90333, 
9.035, 9.17583, 8.7, 9.27, 10.2133, 12.4842, 15.2192, 14.2558, 
11.7917, 12.7508, 11.0442, 9.52, 9.95, 10.2242, 9.92, 10.8517, 
9.76417, 8.765, 7.845, 8.63167, 8.28083, 7.50333, 6.42417, 5.465, 
5.69083, 5.88583, 5.7825, 5.66167, 5.27833, 5.08083, 4.38583, 
4.29917, 4.335, 4.04, 3.89083, 3.42, 2.94, 2.67, 2.95, 2.84, 
2.55, 2.62, 2.97, 3.11, 3.64, 3.19, 3.08, 3.09, 2.96, 3.13, 3.25, 
3.97, 3.95, 4.16, 4.61, 4.37, 4.9, 5.82, 5.27, 4.97, 5.6, 7.15, 
6.44, 4.99, 4.05, 3.33, 3.45, 4.77, 5.57, 4.8325, 4.515, 4.7025, 
4.77667, 4.29333, 4.1175, 4.14833, 5.1975, 6.68, 6.35, 5.48, 
4.05, 5.23, 3.73, 3.63, 3.08, 2.71, 3.62, 3.55, 3.56, 2.4, 2.78, 
2.38, 1.96, 2.49, 3.11, 2.15, 1.97, NA, NA, NA, NA, NA, NA, NA, 
NA, NA, NA, NA, NA, NA, NA, NA, NA, NA, NA, NA, NA, NA, NA, NA, 
NA, NA, NA, NA, NA, NA, NA, NA, NA, NA, NA, NA, NA, NA, NA, NA, 
NA, NA, NA, NA, NA, NA, NA, NA, NA, NA, NA, NA, NA, NA, 7.625, 
5.69667, 4.74333, 5.7975, 5.16167, 4.13417, 4.475, 4.6, 4.6, 
NA, NA, NA, NA, NA, NA, NA, NA, NA, NA, NA, NA, NA, NA, NA, NA, 
NA, NA, NA, NA, NA, NA, NA, NA, NA, NA, NA, NA, NA, NA, NA, NA, 
NA, NA, NA, NA, NA, NA, NA, NA, NA, NA, NA, NA, NA, NA, NA, NA, 
NA, NA, NA, NA, 7.38, 5.43, 4.15, 4.82, 4.05, 3.61, 3.68, 4.65, 
4.3, 3.98, NA, NA, NA, NA, NA, NA, NA, NA, 6.8885, 7.4875, 6.78867, 
5.79033, 6.38933, 5.89017, 5.89017, 6.08983, 6.18967, 7.08817, 
8.0865, 6.98833, 6.48917, 6.78867, 8.28617, 7.98667, 7.88683, 
9.2845, 10.3827, 8.48583, 7.787, 6.18967, 5.79033, 7.38767, 8.48583, 
10.1083, 8.965, 8.01833, 7.94917, 6.9475, 5.89417, 6.14083, 6.48917, 
6.89833, 8.70417, 8.45833, 7.8475, 6.51083, 6.86667, 6.85, 6.21583, 
5.64083, 4.57167, 4.49083, 5.26333, 4.7975, 4.7825, 4.07083, 
4.03667, 3.35333, 3.7625, 4.21667, 3.985, 3.2225, 4.07, 4.42, 
4.53, 5.14, 5.29, 5.08, 5.24, 5.55, 5.71, 5.77, 5.24, 5.32, 5.76, 
6.03, 6.32, 6.45, 6.24, 7.35, 7.86, 8.17, 8.43, 9.34, 10.57, 
10.67, 10.37, 11.08, 14.55, 13.1, 13.21, 13.38, 14.54, 15.82, 
17.66, 18.9183, 20.385, 14.4633, 14.4267, 11.58, 10.0508, 11.2842, 
9.88417, 9.70667, 10.6292, 9.26167, 8.98667, 7.3025, 7.82583, 
8.26917, 7.19417, 6.25417, 4.9375, 4.91, 5.64167, 5.07917, 5.05583, 
4.30833, 4.305, 3.40417, 3.81167, 4.28583, 4.28167, 3.5875, NA, 
NA, NA, NA, NA, NA, NA, NA, NA, NA, NA, NA, NA, NA, NA, NA, NA, 
NA, NA, NA, NA, NA, 8.22575, 7.9161, 7.6337, 8.39973, 10.1725, 
9.54814, 10.074, 10.15, 9.66, 10.41, 12.3721, 14.5532, 14.3112, 
13.038, 12.1853, 10.6877, 8.8103, 9.06146, 8.97096, 9.6807, 10.8663, 
10.1604, 9.83023, 8.42418, 8.17583, 8.72917, 7.2325, 5.95833, 
4.70333, 4.65515, 5.43887, 5.0273, 4.92291, 4.16086, 4.14079, 
3.44087, 3.85952, 4.33177, 4.35503, 4.0301, NA, NA, NA, NA, NA, 
NA, NA, NA, NA, NA, NA, NA, NA, NA, NA, NA, NA, NA, NA, NA, NA, 
NA, NA, NA, NA, NA, NA, NA, NA, NA, NA, 13.3082, 15.9608, 15.8117, 
15.9875, 16.9092, 16.5225, 13.3675, 11.3542, 12.8133, 11.7442, 
13.7025, 14.6775, 12.3608, 11.6933, 10.2117, 9.99583, 11.27, 
8.73667, 6.40167, 4.83333, 4.7275, 5.52583, 5.11667, 4.95833, 
4.12417, 4.1025, 3.3875, 3.785, 4.3075, 4.36583, 3.97917, NA, 
NA, NA, NA, NA, NA, NA, NA, NA, NA, NA, NA, NA, NA, NA, NA, NA, 
NA, NA, NA, NA, NA, NA, NA, NA, NA, NA, NA, NA, NA, NA, NA, NA, 
NA, NA, NA, NA, NA, NA, NA, NA, NA, NA, NA, NA, NA, NA, NA, NA, 
NA, 13.1675, 11.39, 10.4833, 10.1533, 8.41833, 5.24583, 4.38833, 
3.9825, 4.30333, 5.62833, 8.16417, 7.77833, NA, NA, NA, NA, NA, 
NA, NA, NA, NA, NA, NA, NA, NA, NA, NA, NA, NA, NA, NA, NA, NA, 
NA, NA, NA, NA, NA, NA, NA, NA, NA, NA, NA, NA, NA, NA, NA, NA, 
NA, 6, 5, 5, 5, 5, 5, 7, 13, 13, 13, 13, 12.82, NA, NA, NA, NA, 
NA, 3.05, 3.91488, 3.97619, 4, 4, 4, NA, NA, NA, NA, NA, NA, 
NA, NA, NA, NA, NA, NA, NA, NA, NA, NA, NA, NA, NA, NA, NA, NA, 
NA, NA, NA, NA, NA, NA, NA, NA, NA, NA, NA, NA, NA, NA, NA, NA, 
NA, NA, NA, 10.5575, 12.0892, 13.2958, 11.6767, 11.9733, 8.825, 
9.03667, 8.7925, 7.07667, 5.9575, 4.7875, 4.72417, 5.48333, 5.04333, 
4.98083, 4.13417, 4.11, 3.35167, 3.78333, 4.29255, 4.28973, 3.73885, 
NA, NA, NA, NA, NA, NA, NA, NA, NA, NA, NA, NA, NA, NA, NA, NA, 
NA, NA, NA, NA, NA, NA, NA, 6, 5.5, 6.2, 7, 6.9, 6.6, 6.4, 6.2, 
7.3, 8, 9.4, 9.4, 9.4, 9.4, 9.88333, 9.80417, NA, 9.33333, 5.55583, 
6.22167, 7.90333, 8.10333, 7.25833, 6.49333, 6.69, 7.40833, 7.08083, 
6.48917, 6.16833, 5.56567, 4.7875, 4.27917, 3.26958, 2.56348, 
2.76068, 5.75, 6.87, 5.91083, NA, 6.83528, 7.06272, 7.8049, 7.82885, 
6.7036, 6.47616, 6.44024, 6.23674, 6.44024, 7.07469, 6.83528, 
6.32054, 6.16492, 6.06915, 6.0093, 5.94944, 6.08112, 6.30857, 
6.46418, 6.77542, 7.01484, 7.69717, 8.12199, 7.78952, 7.41507, 
8.33104, 10.5576, 9.63825, 9.39394, 9.93882, 9.57193, 9.87837, 
13.1275, 15.845, 15.6492, 13.5867, 12.4892, 11.1233, 8.54417, 
9.47833, 9.08417, 8.79667, 9.9325, 9.03667, 8.5875, 6.775, 7.21583, 
7.535, 6.31083, 5.58167, 4.64, 4.60833, 5.39417, 4.93917, 4.86, 
4.13, 4.09833, 3.41, 3.79667, 4.30417, 4.23417, 3.64919, 2.78, 
2.88, 3, 3.64, 4.26, 3.94, 3.55, 4.32, 5.16, 5.49, 5.48, 5.19, 
5.77, 6.28, 5.9, 5.43, 5.98, 6.56, 6.94, 6.8, 7.55, 9.04, 9.22, 
8.90417, 8.9025, 10.7125, 14.7658, 14.3925, 14.43, 12.725, 12.4692, 
12.9875, 13.785, 14.7425, 12.88, 10.805, 11.1275, 10.97, 10.135, 
9.57083, 9.67583, 10.1908, 11.8025, 10.105, 9.06333, 7.54667, 
8.1525, 8.31917, 7.93917, 7.13417, 5.59583, 5.015, 5.32667, 5.00917, 
4.915, 4.57833, 4.92583, 4.45833, 4.37417, 5.03833, 4.58417, 
