structure(c(NA, NA, NA, NA, NA, NA, NA, NA, NA, NA, NA, NA, NA, 
NA, 17.04, 14.31, 12.79, 13.35, 14.65, 14.09, 12.57, 12.91, 13.66, 
14.03, 14.46, 15.13, 16.33, 16.31, 16.11, 13.98, 12.03, 12.62, 
NA, NA, NA, NA, NA, NA, NA, NA, NA, NA, NA, NA, NA, NA, NA, NA, 
20.35, 18.59, 17.67, 17.27, 17.5, 16.77, 17.87, 17.46, 16.73, 
15.31, 14.87, 15.59, 16.36, 16.6, 18.19, 15.24, 14.06, 15.24, 
NA, NA, NA, NA, NA, NA, NA, NA, NA, NA, NA, NA, NA, NA, NA, NA, 
17.39, 16, 15.81, 15.5, 15.88, 15.98, 16.56, 15.43, 14.2, 13.62, 
14.32, 15.99, 17.54, 16.86, 16.61, 16.51, 17.81, NA, NA, NA, 
NA, NA, NA, NA, NA, NA, NA, NA, NA, NA, NA, NA, NA, NA, 10.78, 
11.27, 12.03, 10.21, 14.31, 12.09, 13.15, 11.11, 13.83, 11.71, 
11.66, 11.16, 7.46, 5.65, 12.85, 14.66, 14, 7.9, NA, NA, NA, 
NA, NA, NA, NA, NA, NA, NA, NA, NA, NA, NA, NA, NA, 13.55, 11.66, 
11.9, 10.28, 9.95, 11, 10.21, 10.12, 9.05, 7.86, 9.52, 10.62, 
10.25, 9.37, 11.22, 10.73, 9.86, 10.59, NA, NA, NA, NA, NA, NA, 
NA, NA, NA, NA, NA, NA, NA, NA, NA, NA, 16.63, 16.26, 15.93, 
15.94, 15.31, 15.1, 15.21, 15.71, 15.98, 16.12, 16.28, 16.39, 
16.84, 17.37, 16.97, 16.89, 16.43, 16.44, NA, NA, NA, NA, NA, 
NA, NA, NA, NA, NA, NA, NA, NA, NA, NA, NA, 7.6, 7.29, 5.01, 
6.28, 2.98, 4.28, 9.56, 9.51, 9.79, 6.37, 3.71, 5.45, 4.25, 5.1, 
8.4, 7.7, 7.7, 6.61, 6.87, NA, NA, NA, NA, NA, NA, NA, NA, NA, 
NA, NA, NA, NA, NA, NA, 7.9, 4.2, 3.05, 1.93, 1.42, 3.99, 2.92, 
0.46, -0.52, -5.78, -4.12, -6.26, -1.76, 1.94, 10.48, 10.11, 
11.12, 4.53, NA, NA, NA, NA, NA, NA, NA, NA, NA, NA, NA, NA, 
NA, NA, NA, NA, NA, NA, NA, NA, NA, 11.07, 10.98, 11.12, 12.11, 
10.99, 10.81, 10.24, 10.38, 13.75, 17.79, 13.86, 12.66, 10.36, 
NA, NA, NA, NA, NA, NA, NA, NA, NA, NA, NA, NA, NA, NA, NA, NA, 
11.05, 7.89, 9.43, 7.88, 9.57, 8.12, 8.1, 7.92, 8.65, 9.83, 8.46, 
6.8, 7.24, 7.83, 11.71, 10.7, 8.74, 8.59, NA, NA, NA, NA, NA, 
NA, NA, NA, NA, NA, NA, NA, NA, NA, NA, NA, 15.56, 14.58, 15.56, 
14.96, 14.37, 14.1, 14.75, 16.01, 15, 15.44, 14.39, 14.61, 15.11, 
15.26, 16.05, 15.56, 15.61, 15.2, NA, NA, NA, NA, NA, NA, NA, 
NA, NA, NA, NA, NA, NA, NA, NA, NA, 18.75, 18.26, 17.35, 16.51, 
13.04, 11.5, 11.86, 10.29, 7.9, 10.11, 11.3, 11.96, 8.43, 8, 
10.19, 10.81, 10.7, 7.43, NA, NA, NA, NA, NA, NA, NA, NA, NA, 
NA, NA, NA, NA, NA, NA, NA, NA, NA, NA, NA, NA, NA, NA, 5.82, 
7.43, 8.77, 10.04, 8.3, 7.17, 11.65, 16.16, 13.18, 11.16, 10.15, 
NA, NA, NA, NA, NA, NA, NA, NA, NA, NA, NA, NA, NA, NA, NA, NA, 
21.84, 22.55, 20.09, 16.55, 15.8, 13.99, 15.8, 16.69, 16.25, 
16.53, 16.42, 15.89, 15.46, 15.2, 14.26, 12.37, 11.95, 11.63, 
12.91, NA, NA, NA, NA, NA, NA, NA, NA, NA, NA, NA, NA, NA, NA, 
NA, 1.37, -1.28, 2.92, 7.12, 3.83, 5.58, 4.44, 4.52, 2.49, 0.81, 
0.96, 0.88, -4.21, -1.11, 5.41, 8.24, 4.19, 0.89, NA, NA, NA, 
NA, NA, NA, NA, NA, NA, NA, NA, NA, NA, NA, NA, NA, NA, NA, NA, 
NA, NA, NA, NA, NA, NA, NA, NA, 10.11, 10.87, 16.21, 18.91, 19.32, 
19.44, 19.71, NA, NA, NA, NA, NA, NA, NA, NA, NA, NA, NA, NA, 
NA, NA, NA, NA, -1.03, -1.64, 3.88, 0.68, 0.01, 2.38, -0.81, 
0.71, 2.69, 4.32, 0.84, -4.11, -5.75, 4.91, 10.67, 4.71, -1.31, 
-1.8, NA, NA, NA, NA, NA, NA, NA, NA, NA, NA, NA, NA, NA, NA, 
NA, NA, 18.83, 17.43, 17.85, 16.87, 13.99, 12.11, 14.69, 13.9, 
13.1, 13.05, 12.27, 12.19, 13.04, 12.15, 12.35, 10.48, 11.57, 
10.74, NA, NA, NA, NA, NA, NA, NA, NA, NA, NA, NA, NA, NA, NA, 
NA, NA, 9.95, 7.76, 8.1, 10.52, 9.56, 9.17, 8.2, 12.76, 13.26, 
11.64, 14.3, 5.25, 6.61, 9.13, 12.06, 10.83, 12.67, 13.47, 13.89, 
NA, NA, NA, NA, NA, NA, NA, NA, NA, NA, NA, NA, NA, NA, NA, 16.88, 
14.21, 14.08, 14.41, 12.87, 12.27, 14.11, 10.55, 10.12, 8.01, 
8.32, 8.84, 7.15, 2.38, 9.02, 8.17, 2.12, 4.77, NA, NA, NA, NA, 
NA, NA, NA, NA, NA, NA, NA, NA, NA, NA, NA, NA, 12.66, 11.72, 
10.88, 10.3, 10.69, 10.59, 10.62, 10.28, 10.7, 9.96, 9.98, 8.03, 
6.99, 7.06, 10.86, 10.13, 9.73, 11.96, 12.58, NA, NA, NA, NA, 
NA, NA, NA, NA, NA, NA, NA, NA, NA, NA, NA, 9.64, 7.61, 4.91, 
4.34, 4.25, 5.82, 9.86, 9.68, 8.58, 7.59, 6.93, 7.82, 10.11, 
11.83, 13.81, 11.26, 13.1, 14.79, 14.94, NA, NA, NA, NA, NA, 
NA, NA, NA, NA, NA, NA, NA, NA, NA, NA, 12.48, 13.05, 14.9, 13.96, 
11.14, 14.63, 16.13, 16.38, 13.97, 14.8, 16.6, 16.76, 15.02, 
14.5, 14.66, 12.87, 12.06, 11.92, NA, NA, NA, NA, NA, NA, NA, 
NA, NA, NA, NA, NA, NA, NA, NA, NA, 9.89, 13.33, 13.72, 12.23, 
11.09, 10.98, 8.96, 8.56, 6.77, 5.92, 6.61, 5.6, 7.23, 6.14, 
6.88, 10.27, 9.39, 8.21, NA, NA, NA, NA, NA, NA, NA, NA, NA, 
NA, NA, NA, NA, NA, NA, NA, 9.22, 8.39, 7.99, 6.54, 4.68, 4.58, 
5.92, 4.68, 4.25, 3.8, 2.91, 3.36, 2.13, 2.18, 6.98, 7.31, 6.7, 
7.33, NA, NA), .Dim = c(34L, 25L), .Dimnames = list(NULL, c("AUT", 
"BEL", "CHE", "CYP", "CZE", "DEU", "DNK", "EST", "ESP", "FIN", 
"FRA", "HUN", "IRL", "ITA", "LTU", "LUX", "LVA", "NLD", "NOR", 
"POL", "PRT", "SWE", "SVN", "SVK", "GBR")), index = c(1981, 1982, 
1983, 1984, 1985, 1986, 1987, 1988, 1989, 1990, 1991, 1992, 1993, 
1994, 1995, 1996, 1997, 1998, 1999, 2000, 2001, 2002, 2003, 2004, 
2005, 2006, 2007, 2008, 2009, 2010, 2011, 2012, 2013, 2014), class = c("zooreg", 
"zoo"), frequency = 1)
